440 271 435 274 442 282 450 274 ship 0
352 281 342 285 340 278 346 275 ship 0
254 287 242 288 243 281 252 279 ship 0
155 292 146 294 145 285 153 284 ship 0
77 264 65 268 65 262 74 259 ship 0
85 206 73 210 71 205 80 200 ship 0
177 189 163 188 169 182 178 183 ship 0
133 159 122 158 123 151 134 150 ship 0
52 75 43 78 47 84 55 81 ship 0
177 79 169 82 178 94 181 87 ship 0
292 163 300 161 301 155 293 155 ship 0
429 171 437 169 435 163 425 163 ship 0
431 225 441 224 440 216 429 216 ship 0
440 100 429 103 425 94 436 92 ship 0
368 64 358 67 356 58 366 55 ship 0
385 27 376 32 368 26 380 21 ship 0
218 22 210 21 210 16 223 16 ship 0
