56 62 65 67 68 62 57 58 ship 0
64 40 73 44 74 38 64 35 ship 0
83 99 92 102 94 96 82 94 ship 0
110 58 120 62 123 56 110 52 ship 0
157 64 163 68 166 63 158 60 ship 0
101 126 112 122 110 119 100 121 ship 0
203 62 209 68 214 65 205 59 ship 0
168 24 175 31 178 28 170 21 ship 0
133 18 139 24 142 20 136 16 ship 0
252 98 258 98 258 95 251 95 ship 0
166 146 178 152 180 146 168 143 ship 0
107 194 108 198 112 198 111 194 ship 0
194 214 200 219 206 214 196 210 ship 0
239 201 242 204 244 201 240 198 ship 0
209 252 210 255 216 253 215 251 ship 0
296 180 296 184 302 184 301 181 ship 0
258 189 258 193 262 193 264 189 ship 0
250 62 253 66 257 63 254 60 ship 0
234 32 234 35 237 35 238 31 ship 0
188 3 196 12 205 9 198 3 ship 0
